00000000 00000000 00000000 00000001
00000000 00000000 00000000 00000010
00000000 00000000 00000000 00000011
00000000 00000000 00000000 00000100
00000000 00000000 00000000 00000101
00000000 00000000 00000000 00000110
00000000 00000000 00000000 00000111
00000000 00000000 00000000 00001000
00000000 00000000 00000000 00001001
00000000 00000000 00000000 00001010
00000000 00000000 00000000 00001011
00000000 00000000 00000000 00001100
00000000 00000000 00000000 00001101
00000000 00000000 00000000 00001110
00000000 00000000 00000000 00001111
00000000 00000000 00000000 00010000
00000000 00000000 00000000 00010000
00000000 00000000 00000000 00001111
00000000 00000000 00000000 00001110
00000000 00000000 00000000 00001101
00000000 00000000 00000000 00001100
00000000 00000000 00000000 00001011
00000000 00000000 00000000 00001010
00000000 00000000 00000000 00001001
00000000 00000000 00000000 00001000
00000000 00000000 00000000 00000111
00000000 00000000 00000000 00000110
00000000 00000000 00000000 00000101
00000000 00000000 00000000 00000100
00000000 00000000 00000000 00000011
00000000 00000000 00000000 00000010
00000000 00000000 00000000 00000001
00000000 00000000 00000000 00000000
00000000 00000000 00000000 00000000
00000000 00000000 00000000 00000000
00000000 00000000 00000000 00000000
00000000 00000000 00000000 00000000
00000000 00000000 00000000 00000000
00000000 00000000 00000000 00000000
00000000 00000000 00000000 00000000
00000000 00000000 00000000 00000000
11100101 10011111 00000000 00100100
11100101 10011111 00010000 00100100
11100101 10011111 00100000 00100100
11100011 10100000 00110000 00000000
11100100 10010000 01000000 00000100
11100100 10010001 01010000 00000100
11100000 10000100 01100000 00000101
11100100 10000010 01100000 00000100
11100010 10000011 00110000 00000001
11100011 01010011 00000000 00010000
00011010 11111111 11111111 11111000
00000000 00000000 00000000 00000000
00000000 00000000 01000000 00000000
00000000 00000000 00000000 10000000

